  -3.00000000000000e+00
  -6.00000000000000e+00
  -9.00000000000000e+00
  -1.20000000000000e+01
  -1.50000000000000e+01
  -1.80000000000000e+01
  -2.10000000000000e+01
  -2.40000000000000e+01
  -2.70000000000000e+01
  -3.00000000000000e+01
  -3.15420198427637e+01
  -3.36246375533647e+01
  -3.48993966630817e+01
  -3.67218225081185e+01
  -3.78149033309635e+01
  -3.93121524883749e+01
  -4.02716450306848e+01
  -4.14320071231966e+01
  -4.22545136600191e+01
  -4.31118049331457e+01
  -4.37680994589689e+01
  -4.43677069624764e+01
  -4.48339681475310e+01
  -4.52101021973040e+01
  -4.54794993122373e+01
  -4.56535416543608e+01
  -4.57320061581505e+01
  -4.57194592777393e+01
  -4.56190609070200e+01
  -4.54346733329384e+01
  -4.51702068774866e+01
  -4.48297805073485e+01
  -4.44176680577576e+01
  -4.39382873198578e+01
  -4.33961788026564e+01
  -4.27959823775632e+01
  -4.21424117087381e+01
  -4.14402265872294e+01
  -4.06942036681511e+01
  -3.99091061662554e+01
  -3.90896530592597e+01
  -3.82404884532938e+01
  -3.73661517179184e+01
  -3.64710489742162e+01
  -3.55594266167515e+01
  -3.46353473590957e+01
  -3.37026692278288e+01
  -3.27650278368528e+01
  -3.18258222609413e+01
  -3.08882045934089e+01
  -2.99550731577521e+01
  -2.90290693371598e+01
  -2.81125778210552e+01
  -2.72077299220226e+01
  -2.63164097662979e+01
  -2.54402628607396e+01
  -2.45807066841991e+01
  -2.37389428713315e+01
  -2.29159706538707e+01
  -2.21126010566681e+01
  -2.13294716096652e+01
  -2.05670612165683e+01
  -1.98257049184234e+01
  -1.91056083263510e+01
  -1.84068615411045e+01
  -1.77294524180220e+01
  -1.70732790737182e+01
  -1.64381615646062e+01
  -1.58238526966391e+01
  -1.52300479503919e+01
  -1.46563945258834e+01
  -1.41024995276523e+01
  -1.35679373229239e+01
  -1.30522561147010e+01
  -1.25549837958587e+01
  -1.20756330453166e+01
  -1.16137058989351e+01
  -1.11686976755995e+01
  -1.07401003908596e+01
  -1.03274056965247e+01
  -9.93010739426546e+00
  -9.54770356824415e+00
  -9.17969837890958e+00
  -8.82560355683586e+00
  -8.48493963217838e+00
  -8.15723690675529e+00
  -7.84203632584720e+00
  -7.53889002029090e+00
  -7.24736179298666e+00
  -6.96702745353979e+00
  -6.69747503816918e+00
  -6.43830493199942e+00
  -6.18912990870321e+00
  -5.94957510030052e+00
  -5.71927790828827e+00
  -5.49788786586420e+00
  -5.28506649228462e+00
  -5.08048698187129e+00
  -4.88383406530997e+00
  -4.69480372185026e+00
